  6.3389193e+000  2.7130796e+000
  2.1292711e+000  2.2974220e+000
 -2.5096439e+000 -1.7267324e+000
 -1.8501442e+000 -1.4077237e+000
  5.4759777e+000  2.0743862e+000
 -2.5073021e+000 -1.0879070e+000
 -9.7394714e-001 -2.3104675e+000
  2.1759909e+000  1.9929966e+000
  6.1268462e+000  3.8099339e-001
 -2.6230356e+000 -2.1474280e+000
 -2.1326247e+000 -1.6642737e+000
 -1.2417625e+000 -4.5610037e+000
  5.4688845e+000  3.0949633e+000
 -2.6577586e+000 -1.3456243e+000
  3.3902027e+000  1.4569461e+000
 -1.4166932e+000 -5.6592780e-001
  4.7879358e+000  9.6902038e-001
  5.2369712e+000  2.8223793e+000
 -3.9789350e-001 -2.0440496e+000
  5.6213151e+000  1.4160586e+000
  3.2668752e+000  1.1147686e+000
  3.7582006e+000  2.3407934e+000
  5.2352442e+000  1.0138468e+000
  1.1691747e+000  1.4634242e+000
  3.4122379e+000  4.9997242e-001
  3.1336517e+000  1.7777443e+000
  2.9145367e+000  3.5957425e+000
 -3.3829743e+000 -3.6196699e+000
  9.9648191e-001  1.5067579e+000
  1.9773267e+000  1.9511504e+000
  1.7642401e+000  1.7642981e+000
 -3.6890928e-001  4.3289775e-001
 -1.9965691e+000 -6.4971748e-001
  4.7892864e+000  1.3139605e+000
 -2.7936616e+000 -2.5585809e+000
 -2.7736475e+000 -4.3890702e-001
  6.6933619e+000  9.2956344e-001
 -1.5132891e+000 -4.6117032e+000
  2.1540134e+000  2.3129238e+000
 -2.1354584e+000 -3.2733556e+000
  4.7925128e+000  9.5719030e-001
  6.3307692e-001  1.8954132e+000
 -3.7617033e+000 -1.0286424e+000
  2.1257131e+000  7.7365665e-001
  6.6316806e+000  3.4031296e+000
 -1.8701835e-001 -2.8263239e+000
 -2.7315877e+000 -1.8695080e+000
 -2.3771636e+000 -2.7720958e+000
  1.8979199e+000  2.9459851e+000
  2.3542434e+000  1.2517980e+000
  1.1635003e+000 -4.3006980e-001
 -3.9790954e+000 -8.9386659e-001
  1.9539765e+000  2.3931862e+000
 -1.5674844e+000 -2.8269164e+000
  2.3576808e+000  1.0869510e+000
 -1.3146279e+000 -2.2207944e+000
  1.0535712e+000  3.0291103e+000
  4.0307829e+000  1.6741158e+000
  5.8377251e+000  2.1701693e+000
 -1.1399774e-001 -1.6815048e+000
 -8.6823079e-001 -2.7941295e+000
  5.1539312e+000  2.4673654e+000
  8.3958128e+000  3.0492784e+000
 -5.4589515e-001 -4.3379658e+000
  7.9686722e+000  3.1479532e+000
 -1.4418330e+000 -3.1474124e+000
  3.6574143e+000  2.3295124e+000
  2.9025904e+000  3.2909981e+000
  7.2921685e-001  2.2560416e+000
 -1.9215312e+000 -2.3654114e+000
 -2.0301088e+000 -2.3131489e+000
  2.7699800e+000  3.4378081e+000
  6.0080206e+000  1.9473200e+000
 -1.4558856e+000 -2.5339198e+000
  1.6820941e+000  5.3606807e-001
 -6.5988734e-001 -2.9836722e+000
 -1.6285842e+000 -1.8419554e+000
  5.7263871e-001 -1.4409175e+000
 -1.6040268e+000  4.0028528e-002
 -2.7299090e+000 -1.0794241e+000
 -2.7299342e+000 -2.0203972e+000
  6.3011074e+000  2.6079468e+000
 -5.6892184e-001 -1.6427580e+000
  4.4760181e+000  2.7308981e+000
  3.0924320e+000  3.2702809e+000
  5.1974310e+000  1.9172654e+000
  1.5472378e+000  1.4417017e+000
  1.7718700e+000  3.9728788e-001
  3.8310000e+000  2.1931221e+000
 -2.5707338e+000 -2.6888119e+000
  2.5870253e+000  1.9631981e+000
  3.0778729e+000  4.0549669e+000
  6.1505147e+000  2.7630147e+000
  1.0147166e+000  2.4071173e+000
  3.1605938e+000  1.3074315e+000
 -1.8813695e+000 -3.2739588e-001
  1.0611250e+000  3.6872322e+000
 -3.4024903e+000 -1.4830065e+000
  2.6080139e+000  1.0788394e+000
  4.2680260e+000  1.4261817e+000
 -1.2137638e+000 -2.6885636e+000
 -1.4758046e+000 -1.5215090e+000
 -2.2187658e+000 -3.1072511e+000
  2.6734374e+000  2.0118905e+000
 -1.4612435e+000 -3.4041679e+000
  6.9905254e-001 -1.4789799e-001
 -3.5370123e+000 -7.6139198e-001
 -1.7687327e+000 -2.3788498e+000
 -1.4536628e+000 -3.2322400e+000
 -2.2659863e+000 -1.6047324e+000
  2.5479517e+000  1.1819773e+000
  9.5116635e-001  2.9918197e+000
 -4.6063978e+000 -1.6444439e+000
 -1.4542017e+000 -3.4808740e+000
 -1.8230066e+000 -2.6640695e+000
 -1.8165725e+000 -7.8254801e-001
 -2.1810049e+000 -2.4683840e+000
  8.3996532e-001  3.9381996e+000
  4.4194360e-001 -1.9730601e+000
  1.1414488e+000  1.2165011e+000
 -2.2876048e+000 -1.9473002e+000
  3.1319351e+000  2.7613499e+000
  6.1384538e+000  1.6054503e+000
  1.3316521e+000  1.4704106e+000
 -2.1797456e+000 -1.1152273e+000
  5.5586099e+000  2.5202571e+000
  5.4586959e+000  1.5859976e+000
 -8.2947880e-001 -3.7467405e+000
 -2.3324857e-001 -3.0341906e+000
 -9.5150480e-001 -2.9036617e+000
  1.3740814e+000  6.4797289e-001
 -2.5986518e+000 -1.1936644e+000
  2.0069647e+000  1.9918235e+000
  4.4613358e+000  1.5841072e+000
 -7.8281946e-001 -2.1820927e+000
  3.5785072e-001 -2.4693982e+000
 -2.4546790e+000 -1.4577212e+000
  1.7604144e+000  4.9743112e-001
 -1.5992893e+000 -2.4275995e+000
  6.7939999e+000  3.6182184e+000
 -8.2662390e-001 -1.2757657e+000
  3.0252152e+000  9.8922285e-001
  4.5758941e+000  1.9567599e+000
 -5.0090418e-001 -1.1676504e+000
  2.5609069e+000  1.8259344e+000
  1.5785039e+000  1.5608255e+000
 -2.6531245e+000 -2.0442174e+000
 -3.0240901e+000 -2.3881010e+000
  9.5171515e-001  1.3884809e+000
 -1.5999895e+000 -2.5754078e+000
 -1.0492781e+000 -1.9320577e+000
  1.2304738e+000  1.0439321e+000
  1.1944938e+000  2.7826203e+000
  1.1089759e+000  1.8283887e+000
  2.6729003e+000  1.7933751e+000
  3.2990208e+000  3.4423269e+000
 -2.9936889e+000 -1.4608179e+000
 -4.5445874e-001  1.5694409e+000
  2.7019981e+000  4.4731334e-001
 -4.3381241e+000 -1.4661670e+000
 -3.0994833e+000 -1.8951230e+000
  2.3347907e+000  1.3668097e+000
  2.2205581e+000  2.1931026e+000
  1.7511195e+000  3.1709710e+000
 -1.9744062e+000 -1.6523545e+000
  1.9275648e+000  3.0162873e+000
  1.3637534e+000  3.1214106e+000
 -1.8928720e+000 -2.8065040e+000
 -3.6258141e+000 -2.1797706e+000
  4.0525193e-001 -1.2149189e+000
  1.6377510e+000  7.5936846e-001
 -3.2246661e+000 -2.8785711e+000
 -1.5960372e+000 -3.2712259e+000
  1.8945295e+000  1.8462591e+000
  3.6007321e+000  2.3164262e+000
 -2.3614293e+000 -2.4480585e+000
 -2.8464872e+000  3.3391896e-001
 -1.4314359e+000 -7.5356368e-001
 -3.7997959e+000 -7.2502021e-001
 -2.8719076e+000 -6.9431533e-001
  2.1476058e+000  8.3120052e-001
 -1.8031394e+000 -3.2095311e+000
 -3.7169419e+000 -1.1056942e+000
  6.8321577e+000  3.9416078e+000
  1.8912300e+000  4.4084053e-001
  2.2725307e+000  4.6011848e+000
  5.4483228e+000  2.3580087e+000
  1.9957134e+000  1.7092227e+000
  5.2629343e+000  1.7859376e+000
  7.4818075e+000  3.7579139e+000
  3.0337135e+000  4.4854921e+000
  1.6484557e+000  1.9560783e+000
  1.1676972e+000  2.1090892e+000
  1.5714734e+000  4.0702521e+000
 -3.1479018e+000 -2.4283171e+000
  1.3882875e+000  3.1873331e+000
  5.4068684e+000  1.7983821e+000
  2.3556267e+000  2.6613312e+000
  1.6836196e+000  8.2927603e-001
  5.6538595e+000  1.2151375e+000
 -3.9391775e+000 -7.7320580e-001
  1.2121526e+000  3.0545948e+000
  3.5755439e+000  2.8483524e+000
  1.6175659e+000  2.7247082e+000
  1.1726536e+000  2.0737451e+000
 -3.1022804e+000 -2.7380263e+000
  8.0402730e-001  1.6425195e+000
  1.2920197e+000  3.3523378e+000
 -3.2786953e+000 -1.3509472e+000
  4.7727308e+000  1.7394649e+000
  6.2924101e+000  1.9030561e+000
  9.0018121e-001 -3.1994615e-001
  1.0899067e+000  3.4897401e+000
  5.5397491e+000  2.8499681e+000
  3.1938133e+000  1.1345361e+000
 -2.1275429e+000 -2.7276264e+000
  6.2538681e+000  2.3832561e+000
 -1.2907069e+000 -2.1252110e+000
  3.8247631e+000  1.8619279e+000
 -1.5134927e-001  2.3581265e+000
  1.9559616e+000  9.0595077e-001
  5.5617148e+000  2.5119408e+000
 -2.7624713e+000 -4.6999476e+000
  6.1331607e+000  1.1233918e+000
 -1.0055322e+000 -1.8756945e+000
 -2.0348958e+000 -2.0532015e+000
  1.8133207e+000  1.1408819e+000
  1.3469490e+000  2.0287235e+000
  1.1347106e+000  1.4421253e+000
  2.6501325e+000  2.4541958e+000
 -1.1259933e+000 -3.2032985e+000
  3.5460764e+000  2.0489553e+000
  1.0239988e-001 -2.1732315e+000
  5.4142722e+000  2.0478120e+000
 -1.0155891e+000 -1.8530858e+000
 -1.0587244e+000 -2.9034326e+000
 -2.5359234e+000 -2.4475522e+000
 -3.2835680e+000 -9.1652947e-001
  5.5911891e+000  1.5629709e+000
  3.3765305e+000  2.0240702e+000
  3.4600420e+000  2.0796229e-001
  1.6461434e+000  1.7240523e+000
 -2.2135245e+000 -2.3214600e+000
 -3.6074952e+000 -2.1564723e+000
  5.5375044e+000  1.1190782e+000
 -2.9277909e+000 -1.8304147e+000
 -3.1212770e+000 -1.1740695e+000
  2.5140472e+000  1.6391980e+000
 -1.1617317e+000 -2.2385530e+000
 -1.8616687e+000 -2.6133330e+000
  3.4227911e+000  1.4854563e+000
  2.3971944e+000  6.2152883e-001
 -2.5999680e+000 -5.0249743e+000
 -2.0460533e+000 -1.2343910e+000
 -2.6636511e+000 -3.3388860e+000
  6.2531902e+000  1.6281137e+000
  5.4396888e+000  1.5691017e+000
  1.9020050e+000  1.3995208e+000
 -3.2904420e+000 -2.1555397e+000
 -7.3717231e-001 -1.4924252e+000
  2.5126636e+000  2.6237821e+000
  7.1409798e+000  3.1262114e+000
 -1.4725614e+000 -1.6428067e+000
 -1.7681967e+000 -2.6344021e+000
  1.1879355e+000  2.8775511e+000
 -2.7858325e+000 -6.6762493e-001
  4.5114542e+000  1.2280161e+000
  3.0405825e+000  2.3124708e+000
 -5.1287998e+000 -2.1319447e+000
  2.3280318e+000  3.0545125e+000
 -2.8699480e+000 -1.8555286e+000
 -1.4105560e+000 -1.7978066e+000
  3.1139107e+000  3.2259348e+000
 -1.5975779e+000 -2.8095042e+000
 -2.3138288e+000 -1.0271679e+000
  4.7813342e+000  1.5735015e+000
  2.4237474e+000  6.7885973e-001
 -2.7689706e+000 -2.8587422e+000
 -2.1887415e+000 -1.2846373e+000
 -3.1878235e+000 -1.6756293e+000
 -3.5379803e+000 -1.7156981e+000
 -1.3078822e+000 -2.3573968e+000
 -1.4071158e+000 -1.7961851e+000
 -1.6850307e+000 -3.9824240e+000
  3.7884039e+000  2.5320608e-001
 -1.8279486e+000 -3.2804536e+000
  3.9075143e+000  2.3816400e+000
  4.6924249e+000  1.4036280e+000
 -1.4135174e+000 -2.4470022e+000
 -1.7524765e+000 -1.7285463e+000
  1.1937315e+000  1.1589414e+000
 -2.2642880e+000 -1.8279376e+000
  1.9322683e+000  1.2382900e+000
  3.1919774e+000  2.1812247e+000
 -2.8085002e+000 -1.6167575e+000
  4.6748342e+000  8.0963027e-001
 -6.9089779e-001 -2.0505427e+000
  4.1859708e+000  1.9826762e+000
  4.6698226e+000  9.4933798e-001
  3.6691121e+000  1.3976168e+000
  2.3850222e+000  3.9168712e+000
 -1.6268524e+000 -2.9045138e+000
  2.3787411e+000  2.9726355e+000
 -2.7965690e+000 -1.5796953e+000
  5.3291060e-001  1.5563990e+000
 -1.1192126e+000 -3.7465010e+000
 -1.4762261e+000 -2.6037513e+000
  5.5058512e+000  1.9241674e+000
 -3.1562548e+000 -2.8058945e+000
 -3.0548312e+000  5.2753756e-001
 -2.4081925e+000 -1.0523172e+000
 -2.8834273e+000 -9.3416425e-001
  4.8955464e+000  2.2049565e+000
  1.5480077e+000  2.6081090e+000
  5.3910232e+000  2.4203172e+000
  4.4949396e+000  1.0053040e+000
 -1.9142391e+000 -9.4253566e-001
  1.2987390e+000  9.3865914e-001
  5.0561419e+000  2.3424720e+000
 -1.4735646e+000 -2.6631185e+000
 -2.0788284e+000 -2.4299705e-001
 -4.3429252e+000 -1.7073228e+000
  6.1894180e+000  2.2017046e+000
  1.6750901e+000  2.1304055e+000
 -8.1492818e-001 -8.3633488e-001
  2.2989543e+000  2.1835318e+000
  6.8474729e+000  3.0793362e+000
  1.5494656e+000  1.0364568e+000
 -1.4959730e+000 -2.5874496e+000
  2.0161407e+000  1.2399591e+000
  1.5443813e+000  2.5142044e+000
 -2.7426359e-001 -2.4666185e+000
 -2.5971302e+000 -1.8884510e+000
 -8.2338430e-001 -3.6082773e+000
 -2.6296032e+000 -2.2834180e+000
  2.9369482e+000  2.5134313e+000
  6.2115411e+000  1.8574805e+000
 -1.0854754e+000 -1.5234437e+000
 -4.3135796e+000 -1.6400029e+000
  4.9977028e+000  1.2091655e+000
 -2.0667198e+000 -1.9026793e+000
  5.3177496e-001  1.7896141e+000
  1.6094284e+000  6.5592149e-001
 -2.0109703e+000 -2.3777705e+000
 -2.5196656e+000 -1.1866971e+000
  1.5313369e+000  3.4658039e+000
  1.2695333e+000  1.4555719e+000
  3.4165320e+000  2.4072819e+000
 -1.6967295e+000 -2.2634899e+000
 -2.3198684e+000 -9.3695760e-001
  6.2875139e+000  2.4175799e+000
 -8.3466419e-001  3.2237806e-001
  4.5500926e+000  2.4396227e+000
 -1.2628342e+000 -1.3634421e+000
 -7.4438435e-001 -3.3653087e+000
  1.2482754e+000  2.4868877e+000
  5.1766582e+000  2.8417102e+000
  7.1475983e+000  3.0698804e+000
 -2.4780788e+000 -1.8929226e+000
  8.1574168e-001  1.9533166e+000
  6.2870909e+000  1.3330086e+000
 -2.3755741e+000 -2.7234943e+000
 -6.6970120e-001 -1.1412805e+000
  2.0655600e+000  1.6964761e+000
 -2.2121342e+000 -1.7315034e+000
  2.6059653e+000  1.3857601e+000
  4.0928753e+000  1.7805710e+000
  4.8975464e+000  2.2742868e+000
  5.2968754e+000  1.2738934e+000
 -1.5657046e+000 -2.4761165e+000
  7.5280127e+000  3.3083687e+000
  1.5434170e+000  2.7269693e+000
  4.3763827e+000  1.3669879e+000
 -2.6967098e+000 -1.6312853e+000
 -2.2021770e+000 -2.0037450e+000
 -2.2939283e+000 -3.5612094e-001
  4.4175374e+000  9.7154948e-001
 -8.8685046e-001 -3.1412433e-001
  7.5504494e-001  1.3065655e+000
  2.1129766e+000  2.6279071e+000
  2.5168682e+000  1.8315775e+000
 -6.6214137e-001 -2.3583302e+000
 -6.1309751e-001 -1.4909053e+000
 -1.2409820e+000 -3.4551788e+000
 -1.9324910e+000 -1.9512099e+000
  2.6420835e+000  2.6311860e+000
  2.4487712e+000  3.4882587e+000
 -1.2789432e+000 -1.0459043e+000
  2.3754070e+000  1.5559833e-001
 -3.5937094e+000 -1.1141864e+000
  2.9163438e+000  2.1023359e+000
 -2.0698666e+000 -1.6293575e+000
 -1.5352799e+000 -1.7657151e+000
 -2.6734466e+000 -1.1944040e+000
 -2.2723761e+000 -2.3105263e+000
  4.9873474e+000  2.7304651e+000
  1.7260273e+000  9.4447338e-001
 -2.0219296e+000 -3.5399581e+000
  2.8784921e-001  7.0846522e-001
 -2.3784387e+000 -1.8532808e+000
  9.7823236e-001  1.9954545e+000
  7.4830464e-001  1.6608599e+000
 -3.7985158e+000 -1.0309908e+000
 -3.2474439e+000 -8.6240262e-001
  2.6314050e+000  1.5938127e+000
  2.9458967e+000  2.4939742e+000
 -1.4266130e+000 -3.4074369e+000
 -1.0995472e+000 -2.7352860e+000
  2.5605060e+000  3.0952734e+000
 -2.2663448e+000 -5.8232865e-001
 -2.6562321e+000 -9.4408291e-001
  1.0375688e+000  1.4825706e+000
  2.6255421e+000  3.0165205e+000
 -2.3365691e+000 -2.9367001e+000
 -2.0996600e+000 -1.3847084e+000
  6.5111564e+000  2.5842513e+000
 -3.3746358e+000 -2.1043198e+000
  5.1754773e+000  1.7707737e+000
 -8.8168180e-001 -2.3344946e+000
  6.1351447e+000  2.0002931e+000
  5.2639178e+000  1.4969920e+000
 -2.2495954e-001  1.8371708e+000
  4.3272881e-001  1.9213141e+000
 -1.1711131e+000 -2.0096019e+000
 -2.5706391e+000 -1.5449768e+000
 -3.4292396e+000 -3.4334875e+000
 -1.7508464e+000 -2.1290457e+000
 -1.7272124e+000 -1.0999089e+000
  1.3203584e+000  2.0638411e+000
 -1.6594825e+000 -3.5146826e+000
  2.0575074e+000  2.3245126e+000
 -1.0846397e+000  1.7069522e+000
  4.3813021e+000  1.1912698e+000
 -2.0998503e+000 -3.0090574e+000
  4.2361134e+000  2.3260583e+000
 -1.9066656e+000 -2.4890619e+000
  1.0655110e+000  2.8390501e+000
 -2.0501013e+000 -2.0318312e+000
  4.8190333e+000  1.8978922e+000
  5.8071249e+000  1.8538088e+000
  1.8239760e+000  1.2638783e+000
 -1.3863974e+000 -7.0180989e-001
 -1.9577198e+000 -3.5066595e+000
  5.1229663e+000  2.4057699e+000
 -6.6693163e-001 -3.4357497e+000
  4.5412822e-001  1.5351276e+000
 -1.4178924e+000 -1.8106467e+000
  1.3938802e+000  2.1609396e+000
  4.7256101e+000  1.7463650e+000
  4.0189544e+000  2.0506778e+000
  2.1235785e+000  2.7150216e+000
 -2.0935420e+000 -2.0543117e+000
  4.7746356e+000  1.8624899e+000
  8.0368505e-001  8.0151573e-001
  2.9780703e+000  1.3295604e+000
  5.4586660e+000  2.4321909e+000
  3.3417890e+000  2.7339357e+000
  4.5690816e+000  1.7797464e+000
 -1.3458541e+000 -2.4322229e+000
  5.5780835e+000  2.2943744e+000
  3.4225142e+000  1.2133608e+000
 -2.6423431e+000 -2.7976894e+000
  3.2698711e+000  1.4128166e+000
  5.1203756e+000  1.9235378e+000
 -1.7578051e+000 -2.4758188e+000
  5.2420245e-001  1.1170900e+000
  1.6713546e+000  7.3030534e-001
  5.7578095e+000  1.7635129e+000
  9.6971158e-001  1.9209781e+000
  1.6807249e+000  1.9877760e+000
  2.8287181e+000  1.6839293e+000
  1.0860836e+000  1.2333481e+000
 -1.8912545e+000 -2.3110021e+000
  6.3491981e-001  1.5134126e+000
 -1.5718349e+000 -1.9634722e+000
  2.6471576e+000  3.9664898e+000
 -2.4753223e+000 -2.4862040e+000
  1.8323912e+000  2.2708698e+000
  5.6249243e+000  1.7374253e+000
  2.1835161e+000  2.1552923e+000
 -1.8382682e+000 -2.6524473e+000
  5.8455713e+000  2.0473632e+000
  2.7212190e+000  1.6808014e+000
  6.3334035e+000  2.5059501e+000
  9.8882723e-001  1.8281021e+000
  1.7637062e+000  1.3430723e+000
  1.7920656e+000  3.4812723e+000
  4.8503940e+000  2.4580525e+000
  4.7441771e-001  1.2170920e+000
  1.8230262e+000  1.5457551e+000
  4.9088311e+000  1.3814525e+000
  1.5596069e+000  1.6667069e+000
 -2.3373642e+000 -8.1967653e-001
  2.0910231e+000  1.4766560e+000
 -3.1470054e+000 -2.7308660e+000
  5.4045112e+000  1.8388930e+000
 -2.8912071e+000 -3.5653657e-001
 -5.1249729e-001 -2.6223993e+000
  6.5267401e-001  7.3979714e-001
  1.1113015e+000  3.3743115e+000
